# PC B's 1 GbE NIC (the relay) during the three-PC all-1 GbE run (rvn-3stage-k24-40-c5888-1009, one long prompt): epoch seconds, rx bytes, tx bytes (cumulative counters), about one line a second. nic_busy.py summarizes it.
1791552637.559203402 220029229259 90075132181
1791552638.562459479 220029244743 90075144457
1791552639.565892929 220029253107 90075156579
1791552640.569451659 220029275085 90075176897
1791552641.572959885 220029345101 90075273601
1791552642.576389814 220029347996 90075276197
1791552643.579760821 220029349420 90075278093
1791552644.583113277 220029358542 90075285921
1791552645.586289781 220029596790 90075294297
1791552646.589580335 220153061118 90075671679
1791552647.592333851 220276448466 90076028945
1791552648.595355755 220332735288 90076203297
1791552649.598396790 220449110426 90091885759
1791552650.601312660 220534705140 90214997883
1791552651.604240722 220647304872 90329751989
1791552652.607318378 220769580122 90367262107
1791552653.610677966 220884886535 90428610068
1791552654.614374094 221008316041 90460092934
1791552655.617873304 221131716793 90490927062
1791552656.620731142 221236233857 90584461042
1791552657.624411267 221294642729 90648710198
1791552658.627360819 221294988659 90772094970
1791552659.630466915 221345946211 90836952352
1791552660.633544391 221464457621 90837379034
1791552661.637019359 221586330751 90855055752
1791552662.639884138 221674081229 90926589448
1791552663.643429168 221746748653 91049964420
1791552664.646423632 221802152629 91173225424
1791552665.649227119 221803158810 91296656933
1791552666.652186681 221803296818 91343330969
1791552667.655602537 221899162102 91343609511
1791552668.658810637 222012029562 91391146587
1791552669.662063698 222071621511 91509579973
1791552670.664883435 222072675213 91632892915
1791552671.667894819 222073609013 91756321875
1791552672.670847151 222073867039 91848708411
1791552673.674211525 222173577973 91848990639
1791552674.677438316 222288504150 91877426556
1791552675.680420579 222327136320 91997835704
1791552676.683070371 222328202436 92121243270
1791552677.685688533 222329254812 92244579748
1791552678.688817610 222329787026 92353925076
1791552679.694702512 222383956630 92369554018
1791552680.697786588 222506903694 92369962426
1791552681.701118431 222582645020 92418270734
1791552682.704230429 222582955970 92541587310
1791552683.707458869 222598391200 92637889823
1791552684.710476973 222601525840 92641020113
1791552685.713325952 222608244226 92647719631
1791552686.716292555 222614937391 92654301653
1791552687.719375091 222620817053 92660281977
1791552688.722023333 222626280735 92665736285
1791552689.724892534 222632218455 92671559699
1791552690.727752073 222637751591 92677232371
1791552691.730978217 222642545230 92682008621
1791552692.734345940 222642546230 92682009911
1791552693.737720782 222642546948 92682011163
1791552694.741187220 222642555208 92682018367
1791552695.744418480 222642563394 92682025267
1791552696.747983440 222642598772 92682051647
1791552697.751354907 222642600282 92682053339
1791552698.754836102 222642616202 92682066031
1791552699.758284754 222642624703 92682073843
1791552700.761063478 222642684357 92682152031
1791552701.764089490 222642702187 92682178991
1791552702.767294602 222642703015 92682180095
1791552703.770480975 222642703859 92682181477
1791552704.773852119 222642712194 92682188739
1791552705.777206288 222642720208 92682195453
1791552706.780211065 222642755256 92682221561
1791552707.783190737 222642757658 92682222771
1791552708.786461604 222642773308 92682235223
1791552709.790579037 222642782078 92682242725
1791552710.793550754 222642824951 92682284379
1791552711.796805864 222642855824 92682342447
1791552712.799851120 222642857010 92682343909
1791552713.803250582 222642857668 92682345119
1791552714.806658496 222642865852 92682352279
1791552715.810055952 222642902152 92682374651
1791552716.813597554 222642910334 92682385037
1791552717.816466333 222642925984 92682397377
1791552718.819647549 222642927666 92682399255
1791552719.822927173 222642936681 92682407262
1791552720.826022029 222642968549 92682430070
1791552721.829338021 222643024313 92682521710
1791552722.832422407 222643034139 92682529892
1791552723.835705819 222643034967 92682531272
1791552724.839025304 222643043545 92682538740
1791552725.842421729 222643080705 92682561774
1791552726.845861795 222643087433 92682572054
1791552727.849171989 222643103163 92682584544
1791552728.852576095 222643103821 92682585478
1791552729.855953671 222643111929 92682592468
1791552730.859558624 222643184133 92682689078
1791552731.862933017 222643190924 92682699971
1791552732.866601932 222643191812 92682701075
1791552733.870169822 222643193396 92682703175
1791552734.873566260 222643201556 92682710251
1791552735.876888057 222643237882 92682732647
1791552736.880547324 222643245091 92682743681
1791552737.883875165 222643261917 92682755877
1791552738.887356647 222643262575 92682756811
1791552739.890789144 222643271067 92682764243
1791552740.894118577 222643337889 92682852305
1791552741.897562643 222643344557 92682862351
1791552742.901113534 222643346179 92682864505
1791552743.904683045 222643347273 92682865855
1791552744.907990137 222643355858 92682873822
1791552745.911309803 222643392312 92682896640
1791552746.914527521 222643400324 92682906580
